HL1 = 1.751276e-12
LH1 = 3.011345e-12
FALL1 = 1.254941e-12
RISE1 = 2.688967e-12
