HL = 2.330860e-12
LH = 2.199661e-12
FALL = 1.862084e-12
RISE = 1.542839e-12
