HL1 = 2.760503e-12
LH1 = 2.646262e-12
FALL1 = 1.788394e-12
RISE1 = 1.629799e-12
HL2 = FAILED
LH2 = FAILED
FALL2 = 1.788394e-12
RISE2 = 1.629799e-12
