HL = 7.066821e-12
LH = 3.979323e-12
FALL = 4.125218e-12
RISE = 3.385220e-12
