HL = -2.599941e-10
LH = -1.058906e-10
FALL = 2.020881e-11
RISE = 7.706416e-12
