HL = 2.591528e-12
LH = 3.227072e-12
FALL = 1.862789e-12
RISE = 2.212308e-12
