HL = 4.236416e-11
LH = 3.110887e-11
FALL = 2.025916e-11
RISE = 1.792605e-11
