HL = 2.224530e-11
LH = 2.527807e-11
FALL = 9.401927e-12
RISE = 1.196099e-11
