HL = 1.338724e-12
LH = 1.809700e-12
FALL = 1.089410e-12
RISE = 1.294432e-12
