HL = 3.810135e-12
LH = 4.487343e-12
FALL = 2.930849e-12
RISE = 3.461240e-12
