HL = 1.338959e-12
LH = 1.810222e-12
FALL = 1.090460e-12
RISE = 1.294216e-12
