HL = 1.339107e-12
LH = 1.810222e-12
FALL = 1.085990e-12
RISE = 1.292775e-12
