HL1 = FAILED
LH1 = FAILED
FALL1 = 2.226337e-12
RISE1 = 2.876567e-12
HL2 = 4.568021e-12
LH2 = 4.094828e-12
HL3 = 4.568021e-12
LH3 = FAILED
FALL = 2.226337e-12
RISE = 2.876567e-12
