HL = -3.388996e-10
LH = -1.567842e-10
FALL = 1.864198e-12
RISE = 1.656221e-10
