HL1 = FAILED
LH1 = FAILED
FALL1 = 1.862789e-12
RISE1 = 2.212308e-12
HL2 = 2.591528e-12
LH2 = 3.227072e-12
FALL2 = 1.862789e-12
RISE2 = 2.212308e-12
