HL = 4.782717e-12
LH = -6.187714e-11
FALL = 2.221912e-12
RISE = 2.778937e-12
